[9.99999996e-001 1.00000000e+000 1.00000000e+000 1.00000000e+000
 1.00000000e+000 1.00000000e+000 1.00000000e+000 1.00000000e+000
 1.00000000e+000 1.00000000e+000 2.26645415e+000 4.85313784e+000
 4.29244303e+000 5.31299856e+000 2.87579238e+000 1.68787433e-001
 3.10719087e-021 8.96572721e-001 9.16261604e-001 6.46695126e-001
 6.15919248e-001 9.00646934e-001 4.53651764e+000 4.89796999e+000
 1.65136874e+001 8.15778317e-001 9.64862526e-001 9.07997815e-001
 1.38755117e-251 9.56540218e+000 2.38439704e+001 1.67611211e+001
 3.16507783e+000 2.83837844e+000 1.23343165e-203 1.33613470e-001
 1.00000000e+000 1.00000000e+000] [   0.            0.            0.            0.            0.
    0.            0.            0.            0.            0.
  -44.00197911  -97.52438848  -78.30855217  -75.08673462  -44.94169884
   24.02632672   13.02338276   -7.23800585  -11.37940216  -90.3423642
   26.3077432   -76.16853995  -57.7935273   -99.99960647 -100.
   57.11780194  -59.08629258    9.52801073  -66.58804977  -99.99999945
  -60.29916231  -83.00676793  -73.56302695  -14.1662084   -21.92873903
   45.88023001    0.            0.        ] [ 75.          75.          75.          75.          75.
  75.          75.          75.          75.          75.
 181.07343559 165.90541397 190.6842265   99.87827968 108.52310387
 139.90994417  78.56246355  55.24527705 175.10655111 351.78337692
  79.13454479 163.04207446 322.57196142 166.8033646  162.52506625
  89.99918084 232.79961908  68.68666321 139.11183809 280.30888245
 290.36697707 309.73358035 230.97736987 161.57449483 151.32503166
 134.71328481  75.          75.        ] 12175.592463320292
[1.00000000e+00 1.00000000e+00 1.00000000e+00 1.00000000e+00
 1.00000000e+00 1.00000000e+00 1.00000000e+00 1.00000000e+00
 1.00000000e+00 1.00000000e+00 1.16129149e-02 1.23464261e-07
 5.08385401e+00 4.37359878e+00 7.50290981e-06 9.13350604e-11
 1.05583532e-01 3.28747120e-01 8.51166493e-01 4.84694821e-01
 1.13523603e-17 4.21074186e-17 3.98347616e+00 1.38132569e+00
 4.18990040e+00 1.81162481e-01 4.87138717e-01 5.31254481e-01
 1.70245978e-01 1.10952560e+00 1.14173485e+01 2.50338406e+00
 2.63363054e+00 1.90915496e+00 1.47534086e-01 5.36716751e-01
 1.00000000e+00 1.00000000e+00] [  0.           0.           0.           0.           0.
   0.           0.           0.           0.           0.
   2.12918436 -12.86189368 -18.73952581   2.7037975   -0.22914614
  -4.34098047  18.12330925 -17.32397207 -19.57608677 -14.32888243
  -1.20218252   7.79824387 -11.25984689   1.07752148 -12.82490479
  12.06814968   6.91669062  29.05201135  25.96049412  -2.68669075
  -1.2431295    1.80733738   0.90500174   3.73978245 -25.23471817
 -65.94394883   0.           0.        ] [ 75.          75.          75.          75.          75.
  75.          75.          75.          75.          75.
  73.05225242  87.14788681  34.67825375   0.71720601  77.4956662
  72.13947168  72.42887878  72.80168345 112.11896043  93.37211569
  74.9242232   68.91232103  34.17433254  10.72167387  40.18266924
  79.47596408  56.32718615 112.09807069  64.94303214  32.11095133
  31.53472285  40.17265988  37.68316786  33.57760089 134.03426532
  62.82197314  75.          75.        ] 4449.275816151037
[1.00000000e+00 1.00000000e+00 1.00000000e+00 1.00000000e+00
 1.00000000e+00 1.00000000e+00 1.00000000e+00 1.00000000e+00
 1.00000000e+00 1.00000000e+00 2.49432684e-09 3.35670588e-01
 5.94040339e-09 9.25530522e-01 4.84250558e-19 4.53964444e-01
 3.80859958e-02 2.69586205e-01 5.78681030e-05 6.89374176e-70
 3.31357096e-01 4.06050881e-57 1.02624992e+00 3.51555911e-01
 3.64418254e-01 5.40248227e-72 7.87204713e-42 3.74564410e-01
 2.70209456e-02 4.21307761e-01 3.81839455e+00 1.97172157e+00
 6.89390719e-01 5.28076522e-01 1.01425610e-49 7.73362036e-02
 1.00000000e+00 1.00000000e+00] [  0.           0.           0.           0.           0.
   0.           0.           0.           0.           0.
  13.44620336 -13.25915999   7.74269804 -27.52466523   4.77915798
  15.67459002  -2.39347932   3.85939941  12.92958704   5.9407662
  29.16567802 -11.61613625  -0.33693033 -14.6920694   -7.26714842
  26.25391775  16.28481509 -11.13185622   0.84318858  53.04020634
  10.15645607 -13.0381814   -3.15735158 -19.0139356  -40.71189598
  -4.00026531   0.           0.        ] [ 75.          75.          75.          75.          75.
  75.          75.          75.          75.          75.
  88.81861403  87.11315671  71.60219997 135.01742535 103.64266156
 106.61265591 122.70092994 143.66865637 117.97573697 156.96453136
  77.5088424  168.98606847 177.47068039  86.84438467 147.72325772
 189.70007376 192.64737523 164.11626921 160.03268684  71.37436544
 158.68588346 165.90970984 119.27699518 135.76253347 177.82295723
 160.27349642  75.          75.        ] 4696.05905888865
[1.00000000e+00 1.00000000e+00 1.00000000e+00 1.00000000e+00
 1.00000000e+00 1.00000000e+00 1.00000000e+00 1.00000000e+00
 1.00000000e+00 1.00000000e+00 6.70443725e-01 3.63754681e-20
 3.67518753e+00 4.91013809e+00 6.64616881e-01 7.06586308e-02
 9.80007101e-33 4.98428358e-01 1.20978327e+00 1.21514090e-01
 8.34347840e-01 1.21656659e-01 2.42943149e+00 1.18767337e+00
 3.76189123e+00 3.04420571e-02 3.45208506e-12 3.25255650e-01
 6.59454690e-14 7.72704974e-01 6.69784572e+00 1.50504845e+00
 1.40113959e+00 1.29630458e+00 9.53076636e-02 6.61167239e-19
 1.00000000e+00 1.00000000e+00] [  0.           0.           0.           0.           0.
   0.           0.           0.           0.           0.
  10.3098731   -0.95936786  -8.86677638 -10.0831418  -12.42151657
  -0.66228947  -0.27785417  -3.48140291  -0.28166493  -0.88236425
 -28.6646113   -3.59218502   0.36968583   6.19323373   3.27367479
  16.00067433   4.12117663   4.93875947   0.40060554  15.82733019
   2.23874186 -28.73377331   2.8214484    8.02658531  -4.09759318
   1.23374336   0.           0.        ] [ 75.          75.          75.          75.          75.
  75.          75.          75.          75.          75.
  71.78197594  73.51198266  65.31009054  52.86774499  64.3333772
  94.83724164  75.03510192 119.77719057  50.17024226 130.73368569
  72.24375636 101.96461482  53.96786818  52.34977184  52.70089335
 106.56007738  74.92767009  70.75056597 102.54132397  70.1447173
  57.71266943  71.57727467  59.6118688   47.16434535 101.37301944
  73.65957351  75.          75.        ] 4366.083183489795
[1.00000000e+00 1.00000000e+00 1.00000000e+00 1.00000000e+00
 1.00000000e+00 1.00000000e+00 1.00000000e+00 1.00000000e+00
 1.00000000e+00 1.00000000e+00 1.02060443e+00 5.40385562e-06
 1.57813870e+00 2.61265962e+00 8.85080230e-01 1.23898237e-13
 2.22314576e-03 7.32410108e-01 8.21947032e-01 1.88495070e-18
 7.10888308e-01 5.58428508e-01 1.71611663e+00 6.56882191e-01
 2.44370361e+00 2.63871243e-01 2.85808374e-01 2.58231883e-01
 1.65001700e-38 1.22910107e+00 5.73506643e+00 3.63698657e+00
 1.07190726e+00 8.82041036e-01 4.48280444e-77 1.52415337e-82
 1.00000000e+00 1.00000000e+00] [  0.           0.           0.           0.           0.
   0.           0.           0.           0.           0.
 -14.08540832  -0.46653015  36.74487424   2.18198181 -36.13053634
  -1.37691167  -2.59118262  -7.91407833  -4.66237674   1.70808356
  19.54474995 -33.92717251  -7.08370063 -22.43521518 -32.63934625
  -9.80769643  -6.52699206  12.77320505  -0.13931973  -9.25103278
   2.41334505  -9.80635839   9.39512458  -6.71749875   4.71278295
  -3.05142153   0.           0.        ] [ 75.          75.          75.          75.          75.
  75.          75.          75.          75.          75.
  74.85619998  73.95949147  88.95668575  52.1824405   62.82289042
  72.82241254  78.3399617   83.25248237  83.1993359   90.31406909
  78.38340436  95.92274408  88.9159838   63.65358147  68.6017617
  81.39699343  92.93368928  99.77790627  73.89397929  71.61868456
  70.78739533  64.08705818  77.90428894  76.14930289 148.31569325
  72.11090236  75.          75.        ] 4351.935277881286
