[ 1.          1.          1.          1.          1.          1.
  1.          1.          1.          1.          3.08006019  5.38684561
  4.55513714  4.58470995  2.03900899  1.75264956  2.11462195  1.73597828
  2.46242317  1.08116747  0.38302777  0.79823577  7.00580938  4.90605425
 16.91991281  0.78648089  1.293624    1.04025657  0.36563932 11.01802961
 19.55827588 16.86124706  3.01749201  2.57790738  0.24068897  1.46747975
  1.          1.        ] [   0.            0.            0.            0.            0.
    0.            0.            0.            0.            0.
  -89.71039987 -100.          -73.009257    -77.35991467  -72.07905998
   66.4808133    31.7078652    88.08737926    6.19492876  -99.96476705
   23.45081225  -53.51772118  -48.18573937 -100.         -100.
   67.39837782  -99.9999485   -14.71234354  -99.91956421   30.83215961
  -26.71806164 -100.          -70.81943977  -34.76789093   27.45338503
   54.74247563    0.            0.        ] [ 75.          75.          75.          75.          75.
  75.          75.          75.          75.          75.
 188.39353905 208.65542106 240.39772491  91.21043408  81.93262454
 226.49009172 446.51898874 461.38824045 499.01237415 274.50990193
  47.23676868  25.65873372 500.         167.48318492 170.37503023
  99.34237931 363.17920189 161.33269531  81.73758755 500.
 235.97772816 352.04241818 224.04238557 150.90196374  17.06359163
   5.86077759  75.          75.        ] 9844.805596835817
[1.00000000e+00 1.00000000e+00 1.00000000e+00 1.00000000e+00
 1.00000000e+00 1.00000000e+00 1.00000000e+00 1.00000000e+00
 1.00000000e+00 1.00000000e+00 5.00033637e-14 9.28320944e-01
 5.23129441e+00 3.89619308e+00 1.96925081e-16 2.48132596e+00
 2.08447871e+00 6.95782348e+00 9.34881235e-01 1.28717921e+00
 9.75254817e-02 1.50349113e+00 3.99572580e+00 1.87211196e+00
 4.13405713e+00 5.45114952e-01 3.63728956e-01 6.23657222e-01
 3.49114339e-01 1.09857007e+00 1.19132914e+01 2.43369858e+00
 2.63139703e+00 2.01859028e+00 3.44082085e-01 1.50126240e-01
 1.00000000e+00 1.00000000e+00] [ 0.00000000e+00  0.00000000e+00  0.00000000e+00  0.00000000e+00
  0.00000000e+00  0.00000000e+00  0.00000000e+00  0.00000000e+00
  0.00000000e+00  0.00000000e+00  1.32759638e+01 -7.83195519e+01
 -1.66320267e+01  9.83382401e+00  1.56315779e+01 -7.29539442e+01
  6.93391386e+01 -7.70943897e+01 -5.27882712e+01 -4.90097272e+01
 -5.65273427e+01  2.93167771e+01 -1.15559347e+01 -2.42543395e-01
 -1.32980980e+01  1.62427250e+01  9.67643678e-03  1.08638676e+01
  7.20721141e+01 -2.83772005e+00 -1.04489856e+00  1.94602920e+00
  9.13224443e-01  8.69308793e+00 -4.83577743e-01 -9.90600639e+01
  0.00000000e+00  0.00000000e+00] [ 75.          75.          75.          75.          75.
  75.          75.          75.          75.          75.
  64.3408767  155.9317534   44.35804226   0.16981422  35.30743806
  10.03401431  28.8239975    5.32372702 125.14810429  12.93862874
  32.28050474  12.07406425  35.91393553  37.68534888  48.00674186
  24.64193536  34.84011666  49.33841991  13.17194163  31.52005475
  33.1255882   36.46371501  37.56592737  37.88902421  21.53237627
  28.21742056  75.          75.        ] 4365.599294745075
[1.00000000e+00 1.00000000e+00 1.00000000e+00 1.00000000e+00
 1.00000000e+00 1.00000000e+00 1.00000000e+00 1.00000000e+00
 1.00000000e+00 1.00000000e+00 1.50971515e-02 1.64911152e-01
 7.11479408e-01 1.08068999e+00 4.19253902e-79 2.77654710e-01
 1.68390519e-01 2.48620609e-01 3.66697398e-01 1.30977745e-27
 1.27200660e-01 9.44241595e-44 1.00521942e+00 4.35887110e-01
 3.71971742e-01 1.17004869e-01 8.83205298e-02 3.26363473e-01
 1.79315837e-04 6.81341310e-01 3.76067952e+00 1.95420751e+00
 8.13608273e-01 5.63522919e-01 9.92666648e-02 6.15518832e-02
 1.00000000e+00 1.00000000e+00] [  0.           0.           0.           0.           0.
   0.           0.           0.           0.           0.
  36.22912852 -28.46516549  -5.38156757   9.79136797  11.34564762
  31.65117209 -21.10765012  15.73730397  31.93228573  17.14865167
  33.38278437  20.91827657  -4.16469038  -6.69912576 -20.2394294
   1.33603965 -33.07254741  28.98386366 -19.88667327  25.51551765
  12.05908174  -3.15076399   7.47400186  -4.59558266  18.41800901
 -12.07235196   0.           0.        ] [ 75.          75.          75.          75.          75.
  75.          75.          75.          75.          75.
  43.58725572  72.86067164 162.52620416 169.77223213  38.82518135
  47.03188249  67.19575566 129.16258541 111.25195286  28.9170685
  38.87268032  27.76362693 170.33667351  25.31617175 148.92486861
 133.07582346  62.66311683 127.99232957  29.93994586 185.91730548
 163.78716152 169.75163567 160.6427216  128.06765654 107.34508983
  42.52890641  75.          75.        ] 4538.536151088895
[1.00000000e+00 1.00000000e+00 1.00000000e+00 1.00000000e+00
 1.00000000e+00 1.00000000e+00 1.00000000e+00 1.00000000e+00
 1.00000000e+00 1.00000000e+00 8.42847748e-01 1.76118333e+00
 3.60738345e+00 5.42174644e+00 6.83054754e-01 2.90115798e-01
 2.46574151e-01 5.15902919e-01 1.24781604e+00 2.24682586e-01
 7.67417990e-01 1.01232077e+00 2.58553940e+00 1.14023025e+00
 3.77334588e+00 1.16863317e-01 2.10129982e-01 2.25978907e-01
 1.82830886e-39 1.00660970e+00 6.77669437e+00 1.17582190e+00
 1.44194880e+00 1.29043811e+00 1.21327367e-01 2.12746413e-02
 1.00000000e+00 1.00000000e+00] [  0.           0.           0.           0.           0.
   0.           0.           0.           0.           0.
  74.79120346 -72.82713421 -17.99998458 -11.50027222 -32.43790576
  38.37608708 -50.01484859 -30.70119187   0.71686308  17.29965221
 -89.62686538 -47.50608218   1.15232135   7.52697391   3.34482989
 -23.78291444  45.82885669  44.01442605 -13.69208023   9.19299231
   2.12626433  -5.15266637   1.21989146   5.98941849 -25.21066877
 -31.72513149   0.           0.        ] [ 75.          75.          75.          75.          75.
  75.          75.          75.          75.          75.
  43.1993639   20.62062507  67.16687233  61.21530709  22.94150572
 263.4835856  173.4951323  209.95154007  54.80300706 246.33583514
  68.32835961   9.76465761  58.9280118   47.3268603   53.65856345
  50.59979086  81.49472795 109.40814553  42.48691879  18.90459977
  58.70885693  58.66440725  63.90356766  51.30427732  34.37284507
  98.08455808  75.          75.        ] 4282.540488986235
[1.00000000e+00 1.00000000e+00 1.00000000e+00 1.00000000e+00
 1.00000000e+00 1.00000000e+00 1.00000000e+00 1.00000000e+00
 1.00000000e+00 1.00000000e+00 2.65358254e-01 2.31077332e-49
 1.75899035e+00 2.83259734e+00 2.48954649e+00 4.51432629e-01
 3.65673980e-01 6.47623304e-01 9.75943911e-01 1.30285516e-32
 6.61078193e-01 5.35598738e-01 1.63239049e+00 7.39980217e-01
 2.51425982e+00 2.05845176e-01 5.57483129e-01 2.39008631e-01
 1.41105751e-01 1.28664332e+00 5.87697392e+00 3.57056568e+00
 1.05102875e+00 8.95309382e-01 1.87987330e-01 2.60320329e-01
 1.00000000e+00 1.00000000e+00] [  0.           0.           0.           0.           0.
   0.           0.           0.           0.           0.
 -43.57676852  -5.38652149  17.05293781  -7.44597571 -58.96763656
 -20.48878937 -43.50232559 -12.1325451   -7.57519283   3.17577922
  64.57931747 -75.73970652  -7.78521778 -29.63200438 -32.76717973
  48.96268791  64.65229243   3.86041237  -5.05296985 -12.16974478
   1.74093724 -13.65525644   9.80064001  -5.1009174   53.25527582
   9.53293692   0.           0.        ] [ 75.          75.          75.          75.          75.
  75.          75.          75.          75.          75.
  47.45906959  53.02454234  65.69527784  63.82940191  16.66823908
  42.25623457 150.9078754   29.13980834  89.59362722  23.39774756
  51.68077376  49.89316946  82.57334982  67.49955168  72.56663547
  18.85204984  18.91182472  79.25410539  20.17476448  77.53056637
  73.58527085  74.95287417  75.70060731  79.3077168   15.78245637
   7.00842047  75.          75.        ] 4284.75075898111
