[1.00000000e+00 1.00000000e+00 1.00000000e+00 1.00000000e+00
 1.00000000e+00 1.00000000e+00 1.00000000e+00 1.00000000e+00
 1.00000000e+00 1.00000000e+00 2.24686687e+00 4.25189014e+00
 3.63091333e+00 2.09639633e+00 8.75439979e-01 1.40836061e+00
 2.38749017e+00 1.95222651e+00 2.94859096e+00 1.09819719e+00
 1.71201350e-01 0.00000000e+00 8.27240638e+00 3.30964876e+00
 1.16471773e+01 2.17863797e-01 1.40273781e+00 6.74067471e-01
 5.65819695e-02 9.77505352e+00 2.33230976e+01 1.76974773e+01
 2.32419915e+00 1.38520917e+00 0.00000000e+00 1.12794844e-02
 1.00000000e+00 1.00000000e+00] -76.54471539718305 300.37131238636414 12573.56818485984
[ 1.          1.          1.          1.          1.          1.
  1.          1.          1.          1.          0.          0.92413419
  5.74683453  8.0821112   0.          0.          0.05871721  0.10495374
  1.44885046  0.24703873  0.          0.58276913  4.06313714  1.97696762
  4.83968481  0.39637961  0.36812757  0.74279072  0.04746947  1.0529191
 11.71564044  2.51846924  2.7660004   1.97996998  0.25543764  0.
  1.          1.        ] -0.9543792623233021 33.981009716905575 4359.395965512536
[1.         1.         1.         1.         1.         1.
 1.         1.         1.         1.         0.         0.04348163
 0.72964339 1.05480228 0.         0.         0.11338048 0.2121204
 0.26988591 0.         0.         0.         1.01816832 0.05037591
 0.35996455 0.11156363 0.05567472 0.28806142 0.         0.71266914
 3.74575268 2.00274723 0.79658471 0.44818082 0.0809263  0.
 1.         1.        ] 7.407582152107514 165.86691375010622 4549.015211468108
[1.00000000e+00 1.00000000e+00 1.00000000e+00 1.00000000e+00
 1.00000000e+00 1.00000000e+00 1.00000000e+00 1.00000000e+00
 1.00000000e+00 1.00000000e+00 3.79856172e-01 1.34269583e-01
 3.88537552e+00 5.50504988e+00 1.99237583e-01 3.38563241e-01
 2.81537726e-01 7.90450487e-01 1.20374482e+00 1.00973367e-01
 5.63032935e-01 1.31056744e-01 2.59477046e+00 1.00729296e+00
 3.60314317e+00 1.08393086e-01 2.24336748e-01 3.17045337e-01
 0.00000000e+00 4.69621473e-01 6.78708432e+00 1.13613462e+00
 1.50336600e+00 1.21206882e+00 7.43290487e-02 3.20244316e-03
 1.00000000e+00 1.00000000e+00] 1.8638910125513501 58.55366578896991 4317.1513156143665
[1.00000000e+00 1.00000000e+00 1.00000000e+00 1.00000000e+00
 1.00000000e+00 1.00000000e+00 1.00000000e+00 1.00000000e+00
 1.00000000e+00 1.00000000e+00 0.00000000e+00 0.00000000e+00
 1.55543285e+00 2.61251197e+00 6.29600671e-01 2.49900427e-01
 3.78509486e-01 3.17175239e-01 1.05652588e+00 0.00000000e+00
 4.30458991e-01 2.90379131e-01 1.71328722e+00 6.64356565e-01
 2.38879570e+00 4.44492463e-02 1.73711381e-01 2.43264336e-01
 1.46442794e-03 1.30185180e+00 5.84448704e+00 3.55852829e+00
 1.05643102e+00 9.24906201e-01 0.00000000e+00 0.00000000e+00
 1.00000000e+00 1.00000000e+00] -2.2038602981905586 74.34510160640431 4337.70015401891
