[3.31206363e+00 2.52274996e+02 5.76390047e+02 1.97652111e+02
 7.47835336e+01 1.03694301e+00 1.66308160e+02 3.94164521e+02
 4.12033611e+01 3.60530032e+02 2.24506365e+00 4.25064921e+00
 3.62895188e+00 2.09854235e+00 8.74094806e-01 1.40712815e+00
 2.38701106e+00 1.95276136e+00 2.94888037e+00 1.09812917e+00
 1.70967661e-01 3.61155096e-07 8.27260897e+00 3.30977412e+00
 1.16468022e+01 2.17879358e-01 1.40270947e+00 6.74172683e-01
 5.66327946e-02 9.77542438e+00 2.33220995e+01 1.76964741e+01
 2.32415147e+00 1.38506142e+00 2.07415843e-03 9.98975979e-03
 1.00000000e+00 1.00000000e+00] -76.50556849640304 300.38529797693997 12573.577341525102
[9.02443333e+02 7.82388301e-01 8.73292132e+02 2.07760799e+02
 9.00842928e+02 8.82166258e+02 3.65633431e-01 8.18824062e-02
 8.67949657e+02 1.65626360e-01 1.96373420e-02 9.40265495e-01
 5.74626055e+00 8.07985124e+00 2.79899393e-11 4.45669133e-04
 7.26488231e-02 1.08961787e-01 1.44986634e+00 2.46831587e-01
 1.23191607e-06 5.82984021e-01 4.06308755e+00 1.97704558e+00
 4.83946555e+00 3.96388265e-01 3.68120511e-01 7.42792637e-01
 4.78755773e-02 1.05291262e+00 1.17159446e+01 2.51861491e+00
 2.76614208e+00 1.97997896e+00 2.55249431e-01 3.18126463e-07
 1.00000000e+00 1.00000000e+00] -0.9555855821398477 33.97952490780174 4359.397297918379
[2.00028221e+02 2.14564115e+02 2.07821925e+02 2.07821925e+02
 9.46151380e+01 2.14564115e+02 2.00028221e+02 2.07821925e+02
 2.07821925e+02 9.46151380e+01 1.18879572e-13 4.73356019e-02
 7.29946938e-01 1.05444198e+00 1.86221201e-09 8.68455733e-03
 1.12984079e-01 2.12016001e-01 2.69547816e-01 2.76677609e-12
 2.82306292e-04 5.72052776e-18 1.01819507e+00 5.03733534e-02
 3.60043238e-01 1.11551657e-01 5.56741904e-02 2.88043999e-01
 1.53260212e-05 7.12633190e-01 3.74567204e+00 2.00270881e+00
 7.96583702e-01 4.48165470e-01 8.08814177e-02 4.16881909e-06
 1.00000000e+00 1.00000000e+00] 7.408826534857579 165.8715329549862 4549.019901599651
[1.14389715e+00 1.04763609e+01 1.14780519e+00 2.26252293e+02
 1.37128683e+02 1.14780519e+00 8.61880352e+00 1.66779210e+02
 9.90754741e+02 1.24196770e+00 3.80574244e-01 1.38168639e-01
 3.88599225e+00 5.50496154e+00 1.99254515e-01 3.38546326e-01
 2.81670500e-01 7.90639492e-01 1.20397298e+00 1.00784132e-01
 5.62826505e-01 1.30940560e-01 2.59470572e+00 1.00727741e+00
 3.60297327e+00 1.08396861e-01 2.24345837e-01 3.17051293e-01
 8.97466319e-05 4.69601828e-01 6.78679420e+00 1.13613356e+00
 1.50345523e+00 1.21199362e+00 7.41715987e-02 6.02165815e-03
 1.00000000e+00 1.00000000e+00] 1.8593348013599214 58.55667956747825 4317.153400873069
[1.00256599e+00 4.40879070e+02 2.51816133e+01 1.34310787e+01
 3.99068985e+01 1.21604402e+02 1.38088278e+02 3.93009607e+02
 1.01188911e+00 3.98524216e+02 3.89085040e-03 1.62896649e-07
 1.55619739e+00 2.61274815e+00 6.30186316e-01 2.50918350e-01
 3.78310410e-01 3.17597303e-01 1.05659013e+00 6.46942216e-15
 4.30713060e-01 2.90450422e-01 1.71333256e+00 6.64303272e-01
 2.38902451e+00 4.44579325e-02 1.73725448e-01 2.43267407e-01
 4.76657478e-03 1.30192843e+00 5.84486084e+00 3.55871394e+00
 1.05655646e+00 9.24965717e-01 7.36938769e-05 7.41540128e-22
 1.00000000e+00 1.00000000e+00] -2.2220912675315354 74.3377129022025 4337.704173029247
