[1.00000000e+00 1.00000000e+00 1.00000000e+00 1.00000000e+00
 1.00000000e+00 1.00000000e+00 1.00000000e+00 1.00000000e+00
 1.00000000e+00 1.00000000e+00 2.24525797e+00 4.25073163e+00
 3.62952276e+00 2.09808944e+00 8.74039496e-01 1.40718957e+00
 2.38711134e+00 1.95287387e+00 2.94894599e+00 1.09812607e+00
 1.70940733e-01 2.42771587e-05 8.27306125e+00 3.30979760e+00
 1.16461643e+01 2.17888988e-01 1.40273401e+00 6.74157146e-01
 5.67335655e-02 9.77565252e+00 2.33231766e+01 1.76971352e+01
 2.32422286e+00 1.38508169e+00 2.36741369e-03 9.94864153e-03
 1.00000000e+00 1.00000000e+00] -76.50721857265117 300.37148918435963 12573.5916644125
[1.00000000e+00 1.00000000e+00 1.00000000e+00 1.00000000e+00
 1.00000000e+00 1.00000000e+00 1.00000000e+00 1.00000000e+00
 1.00000000e+00 1.00000000e+00 1.54351696e-02 9.41877850e-01
 5.75662709e+00 8.09455951e+00 2.28654613e-11 2.06504968e-04
 7.01466632e-02 1.08007341e-01 1.45240225e+00 2.47210157e-01
 1.21133791e-07 5.84023505e-01 4.07032974e+00 1.98058153e+00
 4.84810337e+00 3.97094749e-01 3.68777903e-01 7.44090238e-01
 4.77307896e-02 1.05477893e+00 1.17369578e+01 2.52312867e+00
 2.77112147e+00 1.98352744e+00 2.55694897e-01 9.74947522e-06
 1.00000000e+00 1.00000000e+00] -0.9535751782418058 33.91899728071842 4359.398727215052
[1.00000000e+00 1.00000000e+00 1.00000000e+00 1.00000000e+00
 1.00000000e+00 1.00000000e+00 1.00000000e+00 1.00000000e+00
 1.00000000e+00 1.00000000e+00 6.55706892e-17 4.68460400e-02
 7.29799467e-01 1.05448665e+00 6.93531815e-10 8.19542172e-03
 1.12995204e-01 2.12080372e-01 2.69536317e-01 9.85801931e-12
 2.22849263e-04 6.40094788e-17 1.01828906e+00 5.03768800e-02
 3.60047480e-01 1.11551610e-01 5.56726741e-02 2.88080793e-01
 1.17935260e-05 7.12684825e-01 3.74601238e+00 2.00275897e+00
 7.96614899e-01 4.48183463e-01 8.08956904e-02 3.24476167e-06
 1.00000000e+00 1.00000000e+00] 7.396689047346065 165.85475787960542 4549.019782242644
[1.00000000e+00 1.00000000e+00 1.00000000e+00 1.00000000e+00
 1.00000000e+00 1.00000000e+00 1.00000000e+00 1.00000000e+00
 1.00000000e+00 1.00000000e+00 3.80834965e-01 1.37518925e-01
 3.88843439e+00 5.50826881e+00 1.99335488e-01 3.38744256e-01
 2.81808028e-01 7.91120755e-01 1.20452990e+00 1.00847190e-01
 5.63154501e-01 1.31038870e-01 2.59630758e+00 1.00796538e+00
 3.60515699e+00 1.08493852e-01 2.24468057e-01 3.17237961e-01
 7.09348315e-05 4.69885841e-01 6.79092375e+00 1.13686778e+00
 1.50433015e+00 1.21270280e+00 7.41614794e-02 5.69872057e-03
 1.00000000e+00 1.00000000e+00] 1.8614936742636192 58.521847278088174 4317.155168942949
[1.00000000e+00 1.00000000e+00 1.00000000e+00 1.00000000e+00
 1.00000000e+00 1.00000000e+00 1.00000000e+00 1.00000000e+00
 1.00000000e+00 1.00000000e+00 3.73227268e-03 2.38345091e-07
 1.55677487e+00 2.61381338e+00 6.30519934e-01 2.51049796e-01
 3.78521602e-01 3.17718061e-01 1.05700661e+00 5.15502156e-16
 4.30768339e-01 2.90589323e-01 1.71396908e+00 6.64542121e-01
 2.38992056e+00 4.44732910e-02 1.73780452e-01 2.43351200e-01
 4.51811789e-03 1.30238340e+00 5.84691878e+00 3.55998381e+00
 1.05689883e+00 9.25300944e-01 4.79033259e-05 6.60989384e-21
 1.00000000e+00 1.00000000e+00] -2.215956572770302 74.31189096099277 4337.705478863981
