[1.00000000e+00 1.00000000e+00 1.00000000e+00 1.00000000e+00
 1.00000000e+00 1.00000000e+00 1.00000000e+00 1.00000000e+00
 1.00000000e+00 1.00000000e+00 2.24565129e+00 4.25094836e+00
 3.62994651e+00 2.09815232e+00 8.74162903e-01 1.40718063e+00
 2.38703566e+00 1.95289841e+00 2.94889927e+00 1.09812197e+00
 1.70941521e-01 8.85121166e-06 8.27271462e+00 3.30992656e+00
 1.16470920e+01 2.17961353e-01 1.40271042e+00 6.74261939e-01
 5.65848768e-02 9.77578788e+00 2.33229986e+01 1.76969605e+01
 2.32422753e+00 1.38511078e+00 1.30953439e-03 1.04402937e-02
 1.00000000e+00 1.00000000e+00] -76.50061297339577 300.37208469132105 12573.574934539667
[1.00000000e+00 1.00000000e+00 1.00000000e+00 1.00000000e+00
 1.00000000e+00 1.00000000e+00 1.00000000e+00 1.00000000e+00
 1.00000000e+00 1.00000000e+00 3.47627459e-01 9.48586164e-01
 5.74797768e+00 8.07934929e+00 6.10132595e-09 1.88011619e-03
 8.46890444e-02 1.12579182e-01 1.44999826e+00 2.46779316e-01
 4.92761856e-09 5.82979414e-01 4.06298204e+00 1.97701505e+00
 4.83933505e+00 3.96386895e-01 3.68115595e-01 7.42763008e-01
 4.75236663e-02 1.05288383e+00 1.17157834e+01 2.51859648e+00
 2.76609991e+00 1.98001644e+00 2.55216406e-01 1.37395473e-06
 1.00000000e+00 1.00000000e+00] -0.9531370698638414 33.98030809896319 4359.422311827264
[1.00000000e+00 1.00000000e+00 1.00000000e+00 1.00000000e+00
 1.00000000e+00 1.00000000e+00 1.00000000e+00 1.00000000e+00
 1.00000000e+00 1.00000000e+00 7.84558978e-07 6.41026690e-02
 7.29834756e-01 1.05439327e+00 3.92742997e-06 1.35371404e-02
 1.12982747e-01 2.12055836e-01 2.69533989e-01 9.58430773e-09
 8.06307534e-04 2.11294579e-19 1.01837466e+00 5.03756358e-02
 3.60026281e-01 1.11544382e-01 5.57210172e-02 2.88067661e-01
 3.51271538e-12 7.12607969e-01 3.74565325e+00 2.00268533e+00
 7.96577666e-01 4.48195370e-01 8.08848637e-02 3.07848417e-16
 1.00000000e+00 1.00000000e+00] 7.395971476015157 165.8735978510993 4549.027263793152
[1.00000000e+00 1.00000000e+00 1.00000000e+00 1.00000000e+00
 1.00000000e+00 1.00000000e+00 1.00000000e+00 1.00000000e+00
 1.00000000e+00 1.00000000e+00 3.81927834e-01 2.03138815e-01
 3.88566685e+00 5.50551931e+00 1.99372301e-01 3.38533128e-01
 2.81641921e-01 7.90619921e-01 1.20371094e+00 1.02257850e-01
 5.62808757e-01 1.30929289e-01 2.59479237e+00 1.00728101e+00
 3.60324158e+00 1.08380580e-01 2.24317472e-01 3.17032327e-01
 9.69050846e-05 4.69597981e-01 6.78687252e+00 1.13620641e+00
 1.50344873e+00 1.21194479e+00 7.41523334e-02 4.45771996e-03
 1.00000000e+00 1.00000000e+00] 1.8600620833734018 58.557004073913134 4317.158111912403
[1.00000000e+00 1.00000000e+00 1.00000000e+00 1.00000000e+00
 1.00000000e+00 1.00000000e+00 1.00000000e+00 1.00000000e+00
 1.00000000e+00 1.00000000e+00 1.98351748e-02 2.98126947e-03
 1.55631236e+00 2.61268419e+00 6.30419309e-01 2.50955679e-01
 3.78340618e-01 3.18347869e-01 1.05711197e+00 7.13442869e-10
 4.30602539e-01 2.90473695e-01 1.71330099e+00 6.64284767e-01
 2.38944016e+00 4.44651321e-02 1.73834801e-01 2.43287664e-01
 2.33890659e-03 1.30200736e+00 5.84460154e+00 3.55859537e+00
 1.05643526e+00 9.24929653e-01 2.58560506e-24 7.99156279e-09
 1.00000000e+00 1.00000000e+00] -2.2162847088275615 74.34083351570688 4337.711768342299
